00111100000000010001000000000001
10001100001100010000000000000000
00100100000100100000000000000000
00100000000000010000000000000001
00000010001000010100000000100010
00000010010010000100100000101010
00010001001000000000000000100010
00000010010000001010000000100000
00100010010101010000000000000001
00000010101100010100100000101010
00010001001000000000000000001101
00000000000101010101100010000000
00000000000101000110000010000000
00111100000000010001000000000001
00000000001010110000100000100001
10001100001010110000000000000100
00111100000000010001000000000001
00000000001011000000100000100001
10001100001011000000000000000100
00000001011011000100100000101010
00010001001000000000000000000001
00000010101000001010000000100000
00100010101101010000000000000001
00001000000100000000000000001001
00010010100100100000000000001110
00000000000101000101100010000000
00000000000100100110000010000000
00111100000000010001000000000001
00000000001010110000100000100001
10001100001011010000000000000100
00111100000000010001000000000001
00000000001011000000100000100001
10001100001011100000000000000100
00111100000000010001000000000001
00000000001011000000100000100001
10101100001011010000000000000100
00111100000000010001000000000001
00000000001010110000100000100001
10101100001011100000000000000100
00100010010100100000000000000001
00001000000100000000000000000101
