00100100000100010000000000000000
00111100000000010001000000000001
10001100001100100000000000000000
00100000000000010000000000000001
00000010010000011001100000100010
00000010011100010000100000101010
00010100001000000000000000010110
00000010001100110100000000100000
00000000000010001010000001000010
00000000000101000100000010000000
00111100000000010001000000000001
00000000001010000000100000100001
10001100001010100000000000000100
00111100000000010001000000000001
10001100001010110000000000100000
00010101010010110000000000000100
00000010100000001010100000100000
00111100000000010001000000000001
10101100001101010000000000100100
00001000000100000000000000011101
00000001010010110110000000101010
00010001100000000000000000000010
00100010100100010000000000000001
00001000000100000000000000011100
00000001011010100110000000101010
00010001100000000000000000000010
00100000000000010000000000000001
00000010100000011001100000100010
00001000000100000000000000000101
