00100100000100000000000000000000
00111100000000010001000000000001
10001100001100010000000000000000
00100000000000010000000000000001
00000010001000011001000000100010
00111100000000010001000000000001
10001100001100110000000000100000
00000010010100000000100000101010
00010100001000000000000000010101
00000000000100000100000010000000
00000000000100100100100010000000
00111100000000010001000000000001
00000000001010000000100000100001
10001100001010000000000000000100
00111100000000010001000000000001
00000000001010010000100000100001
10001100001010010000000000000100
00000001000010010101000000100000
00010101010100110000000000000100
00100100000010110000000000000001
00111100000000010001000000000001
10101100001010110000000000100100
00001000000100000000000000011110
00000010011010100000100000101010
00010100001000000000000000000010
00100010000100000000000000000001
00001000000100000000000000000111
00100000000000010000000000000001
00000010010000011001000000100010
00001000000100000000000000000111
